DIM 150 150
ROTATEY 210
ROTATEX -20
RGB 1 0 0
TRI 0.5 0.5 0.5   0.5 -0.5 0.5   -0.5 -0.5 0.5
TRI 0.5 0.5 0.5   -0.5 0.5 0.5   -0.5 -0.5 0.5
RGB 0 1 0
TRI 0.5 0.5 -0.5   0.5 -0.5 -0.5   -0.5 -0.5 -0.5
TRI 0.5 0.5 -0.5   -0.5 0.5 -0.5   -0.5 -0.5 -0.5
RGB 0 0 1
TRI 0.5 0.5 0.5   0.5 0.5 -0.5   -0.5 0.5 0.5
TRI 0.5 0.5 -0.5   -0.5 0.5 0.5   -0.5 0.5 -0.5
RGB 1 1 0
TRI 0.5 -0.5 0.5   0.5 -0.5 -0.5   -0.5 -0.5 0.5
TRI 0.5 -0.5 -0.5   -0.5 -0.5 0.5   -0.5 -0.5 -0.5
RGB 0 1 1
TRI 0.5 0.5 0.5   0.5 0.5 -0.5   0.5 -0.5 0.5
TRI 0.5 0.5 -0.5   0.5 -0.5 0.5   0.5 -0.5 -0.5
RGB 1 0 1
TRI -0.5 0.5 0.5   -0.5 0.5 -0.5   -0.5 -0.5 0.5
TRI -0.5 0.5 -0.5   -0.5 -0.5 0.5   -0.5 -0.5 -0.5